INSERT INTO rev_ubicaciones_totales (subsector, mueble, nicho)
VALUES
(10, 16, 1),
(10, 16, 2),
(10, 16, 3),
(10, 16, 4),
(10, 16, 5),
(10, 16, 6),
(10, 16, 7),
(10, 16, 8),
(10, 16, 9),
(10, 16, 10),
(10, 16, 11),
(10, 16, 12),
(10, 16, 13),
(10, 16, 14),
(10, 16, 15),
(10, 16, 16),
(10, 16, 17),
(10, 16, 18),
(10, 16, 19),
(10, 16, 20),
(10, 16, 21),
(10, 16, 22),
(10, 16, 23),
(10, 16, 24),
(10, 16, 25),
(10, 16, 26),
(10, 16, 27),
(10, 16, 28),
(10, 16, 29),
(10, 16, 30)
;
## Cantidad de lineas: 30
